DHB,Asian,Maori,Other,Pacific
Area outside District Health Board,0,0,0,0
Auckland,0.354917073000227,0.079012216221884,0.465876719271571,0.100193991506318
Bay of Plenty,0.089925734581853,0.249677106877623,0.640781401356151,0.019615757184372
Canterbury,0.112810092286851,0.093776987553975,0.767945135890272,0.025467784268902
Capital and Coast,0.166047955209348,0.115080331061344,0.650164313534567,0.068707400194742
Counties Manukau,0.274977910691225,0.15656222388364,0.357065180452661,0.211394684972473
Hawkes Bay,0.060570211759139,0.263338459718443,0.636223825860641,0.039867502661777
Hutt Valley,0.131970382019527,0.176593932245593,0.612672826158181,0.078762859576699
Lakes,0.096952414899305,0.350294065229014,0.529050080199608,0.023703439672073
MidCentral,0.092164645750639,0.206133434832255,0.670219128921755,0.031482790495351
Missing NHI,0,0,0,0
Nelson Marlborough,0.054752802436338,0.108987235145467,0.818181818181818,0.018078144236377
Northland,0.049997309079167,0.338625477638448,0.58904257036758,0.022334642914806
South Canterbury,0.047290640394089,0.092118226600985,0.847947454844006,0.01264367816092
Southern,0.085212221110261,0.10349090480956,0.789633248955083,0.021663625125096
Tairawhiti,0.0303212248574,0.504353047132993,0.438907235064545,0.026418492945062
Taranaki,0.055968018275271,0.197682956677817,0.7330505017541,0.013298523292812
Waikato,0.112794418990169,0.230815278705132,0.623788363686598,0.032601938618102
Wairarapa,0.036270535523789,0.1781523362492,0.764881587369319,0.020695540857692
Waitemata,0.2387379144173,0.098987403544088,0.591331930338244,0.070942751700369
West Coast,0.037505787930236,0.125019293100787,0.823892576014817,0.01358234295416
Whanganui,0.057646969351282,0.269982508175527,0.645372271655639,0.026998250817553
